0.000000e+00 4.232959e+04
0.000000e+00 2.076794e+04
0.000000e+00 2.253168e+04
0.000000e+00 4.012307e+04
0.000000e+00 2.543104e+04
0.000000e+00 3.049690e+04
0.000000e+00 2.974725e+04
0.000000e+00 1.426551e+04
0.000000e+00 1.981633e+04
0.000000e+00 4.175839e+04
0.000000e+00 1.837333e+04
0.000000e+00 2.446957e+04
0.000000e+00 4.040426e+04
0.000000e+00 3.652655e+04
0.000000e+00 3.557633e+04
0.000000e+00 2.124635e+04
0.000000e+00 1.865157e+04
0.000000e+00 5.497089e+04
0.000000e+00 2.016326e+04
0.000000e+00 1.973398e+04
0.000000e+00 2.097379e+05
0.000000e+00 4.429719e+04
0.000000e+00 2.004684e+04
0.000000e+00 2.224144e+04
0.000000e+00 1.691081e+04
0.000000e+00 9.625182e+04
0.000000e+00 1.426148e+04
0.000000e+00 1.713181e+04
0.000000e+00 6.157231e+04
0.000000e+00 2.361978e+04
0.000000e+00 1.985563e+04
0.000000e+00 3.260613e+04
0.000000e+00 5.394541e+04
0.000000e+00 3.696960e+04
0.000000e+00 1.359809e+04
0.000000e+00 5.199435e+04
0.000000e+00 3.070382e+04
0.000000e+00 7.914456e+04
0.000000e+00 3.696290e+04
0.000000e+00 3.296547e+04
0.000000e+00 5.006818e+04
0.000000e+00 2.364597e+04
0.000000e+00 4.566373e+04
0.000000e+00 2.194523e+04
0.000000e+00 3.610653e+04
0.000000e+00 1.661590e+04
0.000000e+00 4.431084e+04
0.000000e+00 2.093769e+04
0.000000e+00 2.348903e+04
0.000000e+00 5.741138e+04
0.000000e+00 3.359755e+04
0.000000e+00 1.326681e+04
0.000000e+00 2.575968e+04
0.000000e+00 4.530781e+04
0.000000e+00 2.844392e+04
0.000000e+00 3.281781e+04
0.000000e+00 2.252726e+04
0.000000e+00 1.494087e+04
0.000000e+00 5.557127e+04
0.000000e+00 2.052158e+04
0.000000e+00 2.366147e+04
0.000000e+00 3.356839e+04
0.000000e+00 1.205380e+04
0.000000e+00 1.799196e+04
0.000000e+00 1.673177e+04
0.000000e+00 1.882099e+04
0.000000e+00 4.064912e+04
0.000000e+00 6.055631e+04
0.000000e+00 9.966326e+04
0.000000e+00 2.436630e+04
0.000000e+00 2.647195e+04
0.000000e+00 2.615895e+04
0.000000e+00 1.377301e+04
0.000000e+00 2.289022e+04
0.000000e+00 2.465045e+04
0.000000e+00 2.351235e+04
0.000000e+00 1.436454e+04
0.000000e+00 7.101243e+04
0.000000e+00 4.409392e+04
0.000000e+00 3.056648e+04
0.000000e+00 3.846106e+04
0.000000e+00 3.098603e+04
0.000000e+00 4.486568e+04
0.000000e+00 3.320432e+04
0.000000e+00 1.842861e+05
0.000000e+00 1.918001e+04
0.000000e+00 3.011288e+04
0.000000e+00 2.388957e+04
0.000000e+00 1.534674e+04
0.000000e+00 1.281088e+04
0.000000e+00 1.625297e+04
0.000000e+00 2.097294e+04
0.000000e+00 3.740498e+04
0.000000e+00 1.210509e+04
0.000000e+00 2.207449e+04
0.000000e+00 2.705411e+04
0.000000e+00 1.500636e+04
0.000000e+00 4.661516e+04
0.000000e+00 2.502017e+04
0.000000e+00 2.510236e+04
0.000000e+00 1.997334e+04
0.000000e+00 6.816675e+04
0.000000e+00 4.017053e+04
0.000000e+00 1.871164e+04
0.000000e+00 6.230764e+04
0.000000e+00 3.499646e+04
0.000000e+00 4.108755e+04
0.000000e+00 2.405767e+04
0.000000e+00 3.778973e+04
0.000000e+00 6.694419e+04
0.000000e+00 3.212116e+05
0.000000e+00 2.050223e+04
0.000000e+00 4.694036e+04
0.000000e+00 2.152794e+04
0.000000e+00 2.366668e+04
0.000000e+00 1.173482e+04
0.000000e+00 4.186437e+04
0.000000e+00 3.363538e+04
0.000000e+00 3.438592e+04
0.000000e+00 3.414765e+04
0.000000e+00 1.260422e+04
0.000000e+00 2.611854e+04
0.000000e+00 2.917678e+04
0.000000e+00 2.564878e+04
0.000000e+00 2.103183e+04
0.000000e+00 3.061774e+04
0.000000e+00 2.753525e+04
0.000000e+00 2.958178e+04
0.000000e+00 3.948222e+04
0.000000e+00 1.707700e+04
0.000000e+00 2.371111e+04
0.000000e+00 1.512900e+04
0.000000e+00 1.773796e+04
0.000000e+00 3.230974e+04
0.000000e+00 1.748787e+04
0.000000e+00 3.500735e+04
0.000000e+00 3.003034e+04
0.000000e+00 2.347149e+04
0.000000e+00 4.459572e+04
0.000000e+00 2.636794e+04
0.000000e+00 1.547193e+04
0.000000e+00 3.948804e+04
0.000000e+00 1.598355e+05
0.000000e+00 1.921595e+04
0.000000e+00 1.880751e+04
0.000000e+00 2.042667e+04
0.000000e+00 3.093538e+04
0.000000e+00 3.281656e+04
0.000000e+00 3.736891e+04
0.000000e+00 2.820510e+04
0.000000e+00 2.573345e+04
0.000000e+00 1.998644e+04
0.000000e+00 1.007836e+05
0.000000e+00 6.415515e+04
0.000000e+00 1.708716e+04
0.000000e+00 2.021342e+04
0.000000e+00 2.583828e+04
0.000000e+00 3.550746e+04
0.000000e+00 2.309934e+04
0.000000e+00 2.101882e+04
0.000000e+00 1.487606e+04
0.000000e+00 5.296748e+04
0.000000e+00 1.379738e+04
0.000000e+00 3.554988e+04
0.000000e+00 2.807607e+04
0.000000e+00 2.404382e+04
0.000000e+00 1.216236e+04
0.000000e+00 3.128170e+04
0.000000e+00 7.345912e+04
0.000000e+00 2.216092e+04
0.000000e+00 4.234589e+05
0.000000e+00 2.632712e+04
0.000000e+00 3.834681e+04
0.000000e+00 7.792338e+04
0.000000e+00 1.198168e+04
0.000000e+00 4.070153e+04
0.000000e+00 2.684987e+04
0.000000e+00 2.653444e+04
0.000000e+00 2.916606e+04
0.000000e+00 2.525332e+04
0.000000e+00 2.843264e+04
0.000000e+00 1.900455e+04
0.000000e+00 3.068131e+04
0.000000e+00 1.848468e+04
0.000000e+00 4.256511e+04
0.000000e+00 1.320871e+04
0.000000e+00 9.604774e+04
0.000000e+00 8.996244e+03
0.000000e+00 2.526791e+04
0.000000e+00 1.123751e+04
0.000000e+00 2.799218e+04
0.000000e+00 4.910444e+04
0.000000e+00 3.683668e+04
0.000000e+00 2.604508e+04
0.000000e+00 2.888731e+04
0.000000e+00 1.603925e+04
0.000000e+00 1.021050e+05
0.000000e+00 3.583598e+04
0.000000e+00 1.935359e+04
0.000000e+00 1.906164e+04
0.000000e+00 1.497747e+04
0.000000e+00 2.009871e+04
0.000000e+00 2.070011e+04
0.000000e+00 2.508177e+04
0.000000e+00 2.809446e+04
0.000000e+00 1.686334e+04
0.000000e+00 5.098613e+04
0.000000e+00 2.203856e+04
0.000000e+00 1.812384e+04
0.000000e+00 2.414214e+04
0.000000e+00 1.852274e+05
0.000000e+00 3.224605e+04
0.000000e+00 1.261033e+04
0.000000e+00 3.082645e+04
0.000000e+00 4.241004e+04
0.000000e+00 1.526771e+04
0.000000e+00 1.699662e+04
0.000000e+00 1.378964e+04
0.000000e+00 2.971835e+04
0.000000e+00 2.277061e+04
0.000000e+00 1.700994e+04
0.000000e+00 1.772204e+04
0.000000e+00 2.209694e+04
0.000000e+00 1.084451e+04
0.000000e+00 4.381141e+04
0.000000e+00 1.795152e+04
0.000000e+00 1.509414e+04
0.000000e+00 2.802265e+04
0.000000e+00 2.074946e+04
0.000000e+00 1.887834e+04
0.000000e+00 2.763966e+04
0.000000e+00 4.700508e+04
0.000000e+00 3.710121e+04
0.000000e+00 1.762355e+04
0.000000e+00 1.372470e+04
0.000000e+00 2.550775e+04
0.000000e+00 2.699574e+04
0.000000e+00 3.368207e+04
0.000000e+00 3.329235e+04
0.000000e+00 2.320548e+04
0.000000e+00 1.317812e+04
0.000000e+00 2.207194e+04
0.000000e+00 2.159759e+04
0.000000e+00 3.273906e+04
0.000000e+00 1.711803e+04
0.000000e+00 5.752529e+04
0.000000e+00 2.102230e+04
0.000000e+00 2.216227e+04
0.000000e+00 3.208953e+04
0.000000e+00 7.204166e+04
0.000000e+00 1.858785e+04
0.000000e+00 1.504077e+04
0.000000e+00 2.077170e+04
0.000000e+00 2.477278e+04
0.000000e+00 1.767614e+04
0.000000e+00 3.285537e+04
0.000000e+00 5.385214e+04
0.000000e+00 2.897129e+04
0.000000e+00 3.254716e+04
0.000000e+00 2.468366e+04
0.000000e+00 2.047011e+04
0.000000e+00 2.646050e+04
0.000000e+00 2.684565e+04
0.000000e+00 2.470209e+04
0.000000e+00 4.091241e+04
0.000000e+00 1.758380e+04
0.000000e+00 2.669646e+04
0.000000e+00 2.807824e+04
0.000000e+00 2.259788e+04
0.000000e+00 1.719102e+04
0.000000e+00 1.836280e+04
0.000000e+00 1.700739e+04
0.000000e+00 3.964501e+04
0.000000e+00 3.916813e+04
0.000000e+00 7.330083e+04
0.000000e+00 1.476718e+04
0.000000e+00 8.512404e+04
0.000000e+00 3.274847e+04
0.000000e+00 1.780358e+04
0.000000e+00 1.804625e+04
0.000000e+00 4.348556e+05
0.000000e+00 2.992859e+04
0.000000e+00 1.771402e+04
0.000000e+00 2.382073e+04
0.000000e+00 2.502167e+04
0.000000e+00 1.521127e+04
0.000000e+00 2.569401e+04
0.000000e+00 2.604858e+04
0.000000e+00 1.510929e+04
0.000000e+00 2.180232e+05
0.000000e+00 7.460226e+04
0.000000e+00 1.743290e+04
0.000000e+00 1.553107e+04
0.000000e+00 2.541961e+04
0.000000e+00 4.236196e+04
0.000000e+00 3.295007e+04
0.000000e+00 1.817416e+04
0.000000e+00 8.968973e+04
0.000000e+00 2.664532e+04
0.000000e+00 1.096068e+04
0.000000e+00 3.309294e+04
0.000000e+00 2.586071e+04
0.000000e+00 2.505200e+04
0.000000e+00 2.188722e+04
0.000000e+00 3.136654e+04
0.000000e+00 1.873565e+04
0.000000e+00 1.185865e+04
0.000000e+00 2.291271e+04
0.000000e+00 1.059046e+04
0.000000e+00 2.718204e+04
0.000000e+00 7.974616e+03
0.000000e+00 3.814844e+04
0.000000e+00 2.645818e+04
0.000000e+00 3.732078e+04
0.000000e+00 3.244276e+04
0.000000e+00 2.304038e+04
0.000000e+00 3.800958e+04
0.000000e+00 3.696608e+04
0.000000e+00 1.292664e+05
0.000000e+00 1.012962e+04
0.000000e+00 2.785954e+04
0.000000e+00 2.998351e+04
0.000000e+00 4.447430e+04
0.000000e+00 2.204430e+04
0.000000e+00 2.034756e+04
0.000000e+00 3.165935e+04
0.000000e+00 1.759061e+04
0.000000e+00 3.953864e+04
0.000000e+00 2.173527e+04
0.000000e+00 4.205383e+04
0.000000e+00 4.054525e+04
0.000000e+00 3.054227e+04
0.000000e+00 3.005667e+04
0.000000e+00 2.152717e+04
0.000000e+00 1.795139e+04
0.000000e+00 1.649329e+04
0.000000e+00 5.946779e+04
0.000000e+00 2.431454e+04
0.000000e+00 4.715069e+05
0.000000e+00 4.693730e+04
0.000000e+00 2.457263e+04
0.000000e+00 1.897845e+04
0.000000e+00 1.971499e+04
0.000000e+00 3.336198e+04
0.000000e+00 2.988429e+04
0.000000e+00 2.672638e+04
0.000000e+00 1.657418e+04
0.000000e+00 2.858604e+04
0.000000e+00 1.532047e+04
0.000000e+00 2.670333e+04
0.000000e+00 2.634527e+04
0.000000e+00 3.594790e+04
0.000000e+00 2.257439e+04
0.000000e+00 2.382567e+04
0.000000e+00 1.898425e+04
0.000000e+00 3.104159e+04
0.000000e+00 1.139883e+04
0.000000e+00 2.358335e+04
0.000000e+00 1.432725e+04
0.000000e+00 1.748523e+04
0.000000e+00 1.684009e+04
0.000000e+00 3.810608e+04
0.000000e+00 1.507458e+04
0.000000e+00 3.334639e+04
0.000000e+00 1.237278e+04
0.000000e+00 3.254745e+04
0.000000e+00 1.783914e+04
0.000000e+00 1.499977e+04
0.000000e+00 2.939652e+04
0.000000e+00 2.494158e+04
0.000000e+00 1.245193e+04
0.000000e+00 2.706701e+04
0.000000e+00 1.395296e+04
0.000000e+00 3.263174e+04
0.000000e+00 2.003448e+04
0.000000e+00 1.732476e+04
0.000000e+00 3.779109e+04
0.000000e+00 2.123032e+04
0.000000e+00 2.561753e+04
0.000000e+00 4.400995e+04
0.000000e+00 2.340931e+04
0.000000e+00 3.362829e+04
0.000000e+00 3.047264e+04
0.000000e+00 2.945304e+04
0.000000e+00 1.644527e+04
0.000000e+00 3.351118e+04
0.000000e+00 1.252740e+04
0.000000e+00 2.570298e+04
0.000000e+00 5.333548e+04
0.000000e+00 1.606563e+04
0.000000e+00 2.795577e+04
0.000000e+00 1.539526e+04
0.000000e+00 1.688895e+04
0.000000e+00 1.930093e+04
0.000000e+00 2.380423e+04
0.000000e+00 3.990123e+04
0.000000e+00 2.875341e+04
0.000000e+00 1.040248e+05
0.000000e+00 1.597573e+04
0.000000e+00 1.741403e+04
0.000000e+00 2.455082e+04
0.000000e+00 1.942794e+04
0.000000e+00 1.884612e+04
0.000000e+00 1.357412e+04
0.000000e+00 3.201889e+04
0.000000e+00 2.157073e+04
0.000000e+00 4.912600e+04
0.000000e+00 3.436761e+04
0.000000e+00 2.257816e+04
0.000000e+00 3.507069e+04
0.000000e+00 1.788785e+04
0.000000e+00 1.271436e+05
0.000000e+00 1.925034e+04
0.000000e+00 3.314944e+04
0.000000e+00 1.900958e+04
0.000000e+00 2.013568e+04
0.000000e+00 2.418153e+04
0.000000e+00 1.025623e+04
0.000000e+00 3.985957e+04
0.000000e+00 2.217986e+04
0.000000e+00 1.819011e+04
0.000000e+00 2.278628e+04
0.000000e+00 1.521884e+04
0.000000e+00 6.905829e+04
0.000000e+00 6.360887e+04
0.000000e+00 2.011683e+04
0.000000e+00 1.079038e+04
0.000000e+00 3.029609e+04
0.000000e+00 1.436585e+04
0.000000e+00 3.537696e+04
0.000000e+00 2.049278e+04
0.000000e+00 1.542802e+04
0.000000e+00 1.799373e+04
0.000000e+00 1.683896e+04
0.000000e+00 1.891631e+04
0.000000e+00 2.170200e+04
0.000000e+00 2.952372e+04
0.000000e+00 3.662845e+04
0.000000e+00 1.366165e+04
0.000000e+00 1.658294e+04
0.000000e+00 2.336767e+04
0.000000e+00 1.663281e+04
0.000000e+00 2.041922e+04
0.000000e+00 2.687889e+04
0.000000e+00 4.475073e+04
0.000000e+00 3.979795e+04
0.000000e+00 1.966594e+04
0.000000e+00 5.524305e+04
0.000000e+00 1.609248e+04
0.000000e+00 4.255716e+04
0.000000e+00 7.039550e+04
0.000000e+00 2.338371e+04
0.000000e+00 2.845296e+04
0.000000e+00 3.764633e+04
0.000000e+00 3.346766e+04
0.000000e+00 1.716131e+04
0.000000e+00 1.910860e+04
0.000000e+00 2.653680e+04
0.000000e+00 3.976400e+04
0.000000e+00 6.294726e+04
0.000000e+00 2.572143e+04
0.000000e+00 1.697143e+04
0.000000e+00 2.824530e+04
0.000000e+00 7.663514e+04
0.000000e+00 2.596009e+04
0.000000e+00 1.325702e+04
0.000000e+00 1.222872e+04
0.000000e+00 3.325516e+04
0.000000e+00 1.335288e+04
0.000000e+00 1.786536e+04
0.000000e+00 1.547997e+04
0.000000e+00 1.355202e+04
0.000000e+00 2.818589e+04
0.000000e+00 4.379617e+04
0.000000e+00 1.891699e+04
0.000000e+00 1.760315e+04
0.000000e+00 2.377079e+04
0.000000e+00 2.941219e+04
0.000000e+00 2.074891e+04
0.000000e+00 2.804664e+04
0.000000e+00 2.016264e+04
0.000000e+00 4.001159e+04
0.000000e+00 2.203996e+04
0.000000e+00 1.690503e+04
0.000000e+00 2.375576e+04
0.000000e+00 1.181062e+04
0.000000e+00 1.712825e+04
0.000000e+00 1.035041e+04
0.000000e+00 5.283176e+04
0.000000e+00 1.996959e+04
0.000000e+00 1.524678e+04
0.000000e+00 1.934513e+04
0.000000e+00 3.352697e+04
0.000000e+00 4.471860e+04
0.000000e+00 1.536663e+04
0.000000e+00 2.713409e+04
0.000000e+00 1.995145e+04
0.000000e+00 2.699765e+04
0.000000e+00 4.124979e+04
0.000000e+00 2.233558e+04
0.000000e+00 2.664800e+04
0.000000e+00 2.121017e+04
0.000000e+00 1.862379e+04
0.000000e+00 2.434545e+04
0.000000e+00 2.998072e+04
0.000000e+00 1.228414e+04
0.000000e+00 2.696533e+04
0.000000e+00 1.965388e+04
0.000000e+00 2.438161e+04
0.000000e+00 1.434404e+04
0.000000e+00 2.154298e+04
0.000000e+00 1.109315e+05
0.000000e+00 2.844442e+04
0.000000e+00 3.918327e+04
0.000000e+00 1.904367e+04
0.000000e+00 2.078977e+04
0.000000e+00 1.533647e+04
0.000000e+00 2.129213e+04
0.000000e+00 1.428306e+04
0.000000e+00 1.535646e+04
0.000000e+00 3.570174e+04
0.000000e+00 2.815909e+04
0.000000e+00 3.536455e+04
0.000000e+00 1.600318e+04
0.000000e+00 4.475844e+04
0.000000e+00 1.972166e+04
0.000000e+00 1.510081e+04
0.000000e+00 4.589337e+04
0.000000e+00 2.571116e+04
0.000000e+00 5.608133e+04
0.000000e+00 1.255256e+04
0.000000e+00 1.606079e+04
0.000000e+00 5.510426e+04
0.000000e+00 2.798380e+04
0.000000e+00 3.065749e+04
0.000000e+00 2.666113e+04
0.000000e+00 2.000913e+04
0.000000e+00 2.583895e+04
0.000000e+00 2.509754e+04
0.000000e+00 1.453549e+04
0.000000e+00 1.770929e+04
0.000000e+00 5.878543e+04
0.000000e+00 1.179224e+04
0.000000e+00 3.943443e+04
0.000000e+00 1.251371e+04
0.000000e+00 1.076060e+04
0.000000e+00 2.190073e+04
0.000000e+00 3.826538e+04
0.000000e+00 4.928310e+04
0.000000e+00 6.757003e+04
0.000000e+00 3.131354e+04
0.000000e+00 2.111641e+04
0.000000e+00 3.176326e+04
0.000000e+00 2.768070e+04
0.000000e+00 1.786701e+04
0.000000e+00 1.780365e+04
0.000000e+00 1.829520e+04
0.000000e+00 1.590492e+04
0.000000e+00 2.296377e+04
0.000000e+00 2.588968e+04
0.000000e+00 2.551265e+04
0.000000e+00 1.619087e+04
0.000000e+00 2.853662e+04
0.000000e+00 2.611561e+04
0.000000e+00 3.118207e+04
0.000000e+00 1.079045e+04
0.000000e+00 2.298918e+04
0.000000e+00 2.309732e+04
0.000000e+00 4.256821e+04
0.000000e+00 2.104132e+04
0.000000e+00 1.402482e+04
0.000000e+00 4.836233e+04
0.000000e+00 4.372167e+04
0.000000e+00 3.089698e+04
0.000000e+00 3.445022e+04
0.000000e+00 2.281805e+04
0.000000e+00 1.932666e+04
0.000000e+00 3.617290e+04
0.000000e+00 2.155745e+04
0.000000e+00 2.710686e+04
0.000000e+00 1.608906e+04
0.000000e+00 4.076329e+04
0.000000e+00 1.777292e+04
0.000000e+00 1.655864e+04
0.000000e+00 2.751472e+04
0.000000e+00 3.548568e+04
0.000000e+00 2.313752e+04
0.000000e+00 3.973269e+04
0.000000e+00 3.991337e+04
0.000000e+00 2.751131e+04
0.000000e+00 5.681251e+04
0.000000e+00 3.437673e+04
0.000000e+00 1.361841e+04
0.000000e+00 1.631540e+04
0.000000e+00 1.444974e+04
0.000000e+00 2.478898e+04
0.000000e+00 1.204395e+04
0.000000e+00 1.739808e+04
0.000000e+00 4.719596e+04
0.000000e+00 1.714544e+04
0.000000e+00 1.872930e+04
0.000000e+00 2.101293e+04
0.000000e+00 1.641532e+04
0.000000e+00 1.147269e+04
0.000000e+00 1.887249e+04
0.000000e+00 1.521193e+04
0.000000e+00 3.466554e+04
0.000000e+00 4.002570e+04
0.000000e+00 2.144888e+04
0.000000e+00 1.107036e+04
0.000000e+00 1.222282e+04
0.000000e+00 1.727532e+04
0.000000e+00 1.820410e+04
0.000000e+00 1.384868e+04
0.000000e+00 2.794497e+04
0.000000e+00 3.456715e+04
0.000000e+00 1.844699e+04
0.000000e+00 1.998876e+05
0.000000e+00 1.343428e+04
0.000000e+00 4.078493e+04
0.000000e+00 8.558708e+04
0.000000e+00 1.998530e+04
0.000000e+00 5.067283e+04
0.000000e+00 1.577715e+04
0.000000e+00 8.062068e+03
0.000000e+00 4.606617e+04
0.000000e+00 3.364503e+04
0.000000e+00 1.763207e+04
0.000000e+00 1.847662e+04
0.000000e+00 2.756539e+04
0.000000e+00 1.682653e+04
0.000000e+00 3.389637e+04
0.000000e+00 3.361871e+04
0.000000e+00 2.939728e+04
0.000000e+00 2.462178e+04
0.000000e+00 2.198400e+04
0.000000e+00 3.508299e+04
0.000000e+00 4.458499e+04
0.000000e+00 1.839772e+04
0.000000e+00 3.067508e+04
0.000000e+00 4.811054e+04
0.000000e+00 2.081085e+04
0.000000e+00 1.990159e+05
0.000000e+00 2.565496e+04
0.000000e+00 1.687172e+04
0.000000e+00 2.959515e+04
0.000000e+00 2.185297e+04
0.000000e+00 2.143478e+04
0.000000e+00 1.813277e+04
0.000000e+00 2.627119e+04
0.000000e+00 1.122652e+04
0.000000e+00 1.691177e+04
0.000000e+00 1.297076e+04
0.000000e+00 1.786980e+04
0.000000e+00 2.060226e+04
0.000000e+00 1.513433e+04
0.000000e+00 1.601974e+04
0.000000e+00 2.479106e+04
0.000000e+00 1.764009e+04
0.000000e+00 1.828003e+04
0.000000e+00 2.509228e+04
0.000000e+00 3.285195e+04
0.000000e+00 1.775139e+05
0.000000e+00 1.753443e+04
0.000000e+00 1.637421e+04
0.000000e+00 2.129185e+04
0.000000e+00 2.532632e+04
0.000000e+00 1.462037e+04
0.000000e+00 1.770978e+04
0.000000e+00 4.808156e+04
0.000000e+00 1.898680e+04
0.000000e+00 2.705927e+04
0.000000e+00 2.279101e+04
0.000000e+00 8.813785e+04
0.000000e+00 2.487820e+04
0.000000e+00 1.789849e+04
0.000000e+00 1.069012e+04
0.000000e+00 1.957319e+04
0.000000e+00 2.392527e+04
0.000000e+00 2.000911e+04
0.000000e+00 1.888659e+04
0.000000e+00 1.731923e+04
0.000000e+00 1.858615e+04
0.000000e+00 4.402529e+04
0.000000e+00 1.950829e+04
0.000000e+00 1.487322e+04
0.000000e+00 2.436981e+04
0.000000e+00 2.010151e+04
0.000000e+00 3.048681e+04
0.000000e+00 2.179861e+04
0.000000e+00 2.000554e+04
0.000000e+00 1.978607e+04
0.000000e+00 2.355174e+04
0.000000e+00 2.864404e+04
0.000000e+00 3.832380e+04
0.000000e+00 1.675483e+04
0.000000e+00 1.806422e+04
0.000000e+00 1.765518e+04
0.000000e+00 2.355922e+04
0.000000e+00 1.487152e+04
0.000000e+00 8.179319e+04
0.000000e+00 1.645347e+04
0.000000e+00 1.900706e+04
0.000000e+00 1.997412e+04
0.000000e+00 1.000098e+05
0.000000e+00 2.929870e+04
0.000000e+00 2.517627e+04
0.000000e+00 1.460046e+04
0.000000e+00 1.263291e+04
0.000000e+00 2.172089e+04
0.000000e+00 2.421664e+04
0.000000e+00 3.231329e+04
0.000000e+00 3.424048e+04
0.000000e+00 3.172405e+04
0.000000e+00 2.218377e+04
0.000000e+00 1.268699e+04
0.000000e+00 2.234949e+04
0.000000e+00 2.555675e+04
0.000000e+00 6.699618e+04
0.000000e+00 4.596813e+04
0.000000e+00 3.119197e+04
0.000000e+00 2.526122e+04
0.000000e+00 1.467754e+04
0.000000e+00 1.255201e+05
0.000000e+00 4.509297e+04
0.000000e+00 2.734435e+04
0.000000e+00 2.703558e+04
0.000000e+00 1.096133e+04
0.000000e+00 2.789240e+04
0.000000e+00 1.705995e+04
0.000000e+00 1.979808e+04
0.000000e+00 1.584143e+04
0.000000e+00 2.272313e+04
0.000000e+00 1.861224e+04
0.000000e+00 2.111274e+04
0.000000e+00 3.929373e+04
0.000000e+00 1.798591e+04
0.000000e+00 1.629075e+04
0.000000e+00 2.159350e+04
0.000000e+00 2.067910e+04
0.000000e+00 2.993169e+04
0.000000e+00 3.013957e+04
0.000000e+00 2.195271e+04
0.000000e+00 2.682015e+04
0.000000e+00 1.186102e+04
0.000000e+00 4.775391e+04
0.000000e+00 7.377654e+04
0.000000e+00 1.848310e+04
0.000000e+00 2.150727e+04
0.000000e+00 2.696371e+04
0.000000e+00 2.731469e+04
0.000000e+00 1.644545e+04
0.000000e+00 2.499121e+04
0.000000e+00 2.485114e+04
0.000000e+00 2.190231e+04
0.000000e+00 1.693018e+04
0.000000e+00 2.148871e+04
0.000000e+00 2.662479e+04
0.000000e+00 1.976162e+04
0.000000e+00 4.205243e+04
0.000000e+00 8.267773e+03
0.000000e+00 1.417931e+04
0.000000e+00 7.014014e+04
0.000000e+00 2.217227e+04
0.000000e+00 2.374917e+04
0.000000e+00 3.610860e+04
0.000000e+00 2.737770e+04
0.000000e+00 2.567918e+04
0.000000e+00 2.010524e+04
0.000000e+00 5.075975e+04
0.000000e+00 2.274073e+04
0.000000e+00 1.755083e+04
0.000000e+00 1.330514e+04
0.000000e+00 1.929075e+04
0.000000e+00 3.309586e+04
0.000000e+00 6.079157e+04
0.000000e+00 2.568580e+04
0.000000e+00 5.221926e+04
0.000000e+00 1.300329e+04
0.000000e+00 1.008929e+04
0.000000e+00 1.589768e+04
0.000000e+00 3.560360e+04
0.000000e+00 1.669470e+04
0.000000e+00 1.976939e+04
0.000000e+00 2.260244e+04
0.000000e+00 2.136731e+04
0.000000e+00 1.371278e+04
0.000000e+00 1.965009e+04
0.000000e+00 2.770585e+04
0.000000e+00 1.833836e+04
0.000000e+00 2.120675e+04
0.000000e+00 3.094377e+04
0.000000e+00 2.035955e+04
0.000000e+00 1.022767e+04
0.000000e+00 1.847088e+04
0.000000e+00 1.318903e+04
0.000000e+00 1.722713e+04
0.000000e+00 5.545109e+04
0.000000e+00 1.256616e+04
0.000000e+00 3.601531e+04
0.000000e+00 2.307534e+04
0.000000e+00 2.433481e+04
0.000000e+00 1.333323e+04
0.000000e+00 2.175643e+04
0.000000e+00 2.056502e+04
0.000000e+00 2.084344e+04
0.000000e+00 2.026592e+04
0.000000e+00 2.108590e+04
0.000000e+00 2.183844e+04
0.000000e+00 3.425257e+04
0.000000e+00 1.250873e+05
0.000000e+00 2.826144e+04
0.000000e+00 1.834999e+04
0.000000e+00 5.820893e+04
0.000000e+00 2.032184e+04
0.000000e+00 1.495801e+04
0.000000e+00 3.354994e+04
0.000000e+00 3.107499e+04
0.000000e+00 4.683508e+04
0.000000e+00 1.975070e+04
0.000000e+00 1.372579e+04
0.000000e+00 2.128188e+04
0.000000e+00 1.628741e+04
0.000000e+00 1.279681e+04
0.000000e+00 2.626924e+04
0.000000e+00 1.766468e+04
0.000000e+00 1.884553e+04
0.000000e+00 1.969377e+04
0.000000e+00 2.284068e+04
0.000000e+00 2.105762e+04
0.000000e+00 3.794751e+04
0.000000e+00 2.413099e+04
0.000000e+00 6.113301e+04
0.000000e+00 1.994639e+04
0.000000e+00 1.174618e+04
0.000000e+00 1.912266e+04
0.000000e+00 1.257563e+04
0.000000e+00 5.215544e+04
0.000000e+00 2.387644e+04
0.000000e+00 2.320779e+04
0.000000e+00 2.970854e+04
0.000000e+00 2.758054e+04
0.000000e+00 2.605862e+04
0.000000e+00 2.256375e+04
0.000000e+00 1.102781e+04
0.000000e+00 2.281633e+04
0.000000e+00 6.222263e+04
0.000000e+00 4.427748e+04
0.000000e+00 2.640659e+04
0.000000e+00 2.808969e+04
0.000000e+00 2.174376e+04
0.000000e+00 1.933275e+04
0.000000e+00 1.369244e+04
0.000000e+00 3.686645e+04
0.000000e+00 2.098917e+04
0.000000e+00 2.124570e+04
0.000000e+00 1.971055e+04
0.000000e+00 3.141353e+04
0.000000e+00 2.765483e+04
0.000000e+00 7.404298e+04
0.000000e+00 1.925010e+04
0.000000e+00 1.697563e+04
0.000000e+00 2.664729e+04
0.000000e+00 1.966408e+04
0.000000e+00 1.742185e+04
0.000000e+00 1.954599e+04
0.000000e+00 1.968666e+04
0.000000e+00 1.979437e+04
0.000000e+00 1.645843e+04
0.000000e+00 1.237090e+04
0.000000e+00 1.217543e+04
0.000000e+00 1.502439e+04
0.000000e+00 4.530156e+04
0.000000e+00 3.093592e+04
0.000000e+00 1.590337e+04
0.000000e+00 2.375644e+04
0.000000e+00 1.555145e+04
0.000000e+00 7.201517e+04
0.000000e+00 1.585837e+04
0.000000e+00 3.384172e+04
0.000000e+00 3.349018e+04
0.000000e+00 2.434703e+04
0.000000e+00 2.246077e+04
0.000000e+00 2.871140e+04
0.000000e+00 1.480818e+04
0.000000e+00 1.913489e+04
0.000000e+00 1.398139e+04
0.000000e+00 1.621522e+04
0.000000e+00 2.236847e+04
0.000000e+00 6.341201e+04
0.000000e+00 2.228888e+04
0.000000e+00 4.194158e+04
0.000000e+00 2.934204e+04
0.000000e+00 3.740421e+04
0.000000e+00 2.792000e+04
0.000000e+00 2.579502e+04
0.000000e+00 1.268338e+04
0.000000e+00 9.588592e+04
0.000000e+00 2.003297e+04
0.000000e+00 3.217480e+04
0.000000e+00 1.457671e+04
0.000000e+00 1.496005e+04
0.000000e+00 3.165310e+04
0.000000e+00 1.468294e+04
0.000000e+00 1.243224e+04
0.000000e+00 2.696337e+04
0.000000e+00 1.665553e+04
0.000000e+00 1.535617e+04
0.000000e+00 3.828160e+04
0.000000e+00 1.663103e+04
0.000000e+00 2.023385e+04
0.000000e+00 1.989651e+04
0.000000e+00 3.608785e+04
0.000000e+00 2.874385e+04
0.000000e+00 1.589188e+04
0.000000e+00 1.621710e+04
0.000000e+00 1.572914e+04
0.000000e+00 7.233180e+04
0.000000e+00 7.517009e+03
0.000000e+00 1.437853e+04
0.000000e+00 2.901807e+04
0.000000e+00 1.634579e+04
0.000000e+00 2.847036e+04
0.000000e+00 1.326594e+04
0.000000e+00 1.175762e+04
0.000000e+00 6.038984e+04
0.000000e+00 1.501610e+04
0.000000e+00 3.966093e+04
0.000000e+00 2.787191e+04
0.000000e+00 3.567517e+04
0.000000e+00 1.178420e+04
0.000000e+00 3.123339e+04
0.000000e+00 1.638338e+04
0.000000e+00 1.846153e+04
0.000000e+00 3.160101e+04
0.000000e+00 1.671389e+04
0.000000e+00 4.377037e+04
0.000000e+00 1.740972e+04
0.000000e+00 2.549577e+04
0.000000e+00 2.072301e+04
0.000000e+00 5.593547e+04
0.000000e+00 1.560272e+04
0.000000e+00 2.511130e+04
0.000000e+00 2.520178e+04
0.000000e+00 2.341343e+04
0.000000e+00 2.269271e+04
0.000000e+00 6.607763e+04
0.000000e+00 3.811584e+04
0.000000e+00 2.961313e+04
0.000000e+00 3.433796e+04
0.000000e+00 3.165530e+04
0.000000e+00 3.026610e+04
0.000000e+00 2.527322e+04
0.000000e+00 2.764573e+04
0.000000e+00 2.344873e+04
0.000000e+00 2.761280e+04
0.000000e+00 1.922451e+04
0.000000e+00 2.758712e+04
0.000000e+00 1.999436e+04
0.000000e+00 2.331570e+04
0.000000e+00 4.169812e+04
0.000000e+00 1.863713e+04
0.000000e+00 2.312937e+04
0.000000e+00 2.018037e+04
0.000000e+00 2.167829e+04
0.000000e+00 2.158731e+04
0.000000e+00 3.477203e+04
0.000000e+00 2.280880e+04
0.000000e+00 1.994072e+04
0.000000e+00 3.314841e+04
0.000000e+00 1.337398e+04
0.000000e+00 2.387565e+04
0.000000e+00 2.352052e+04
0.000000e+00 3.159474e+04
0.000000e+00 1.458247e+04
0.000000e+00 2.993200e+04
0.000000e+00 1.966085e+04
0.000000e+00 1.456877e+04
0.000000e+00 2.907875e+04
0.000000e+00 3.030504e+04
0.000000e+00 2.278911e+04
0.000000e+00 2.611583e+04
0.000000e+00 2.168084e+04
0.000000e+00 2.129200e+04
0.000000e+00 1.658295e+04
0.000000e+00 6.216213e+04
0.000000e+00 1.138339e+04
0.000000e+00 1.813300e+04
0.000000e+00 2.002842e+04
0.000000e+00 1.709966e+04
0.000000e+00 6.673674e+04
0.000000e+00 3.288249e+04
0.000000e+00 1.905409e+04
0.000000e+00 3.351076e+04
0.000000e+00 1.371590e+04
0.000000e+00 2.401412e+04
0.000000e+00 1.783407e+04
0.000000e+00 2.250793e+04
0.000000e+00 3.063497e+04
0.000000e+00 2.097390e+04
