0.000000e+00 7.413601e+05
0.000000e+00 7.335692e+05
0.000000e+00 7.531417e+05
0.000000e+00 8.294462e+05
0.000000e+00 6.381313e+05
0.000000e+00 6.031185e+05
0.000000e+00 7.792680e+05
0.000000e+00 6.095487e+05
0.000000e+00 6.157571e+05
0.000000e+00 7.163391e+05
0.000000e+00 6.586120e+05
0.000000e+00 5.773919e+05
0.000000e+00 5.488468e+05
0.000000e+00 6.483589e+05
0.000000e+00 7.609109e+05
0.000000e+00 6.790249e+05
0.000000e+00 6.501177e+05
0.000000e+00 6.163240e+05
0.000000e+00 7.456152e+05
0.000000e+00 6.877543e+05
0.000000e+00 6.437611e+05
0.000000e+00 5.333788e+05
0.000000e+00 5.171442e+05
0.000000e+00 7.642455e+05
0.000000e+00 5.189620e+05
0.000000e+00 5.264707e+05
0.000000e+00 5.542921e+05
0.000000e+00 6.054868e+05
0.000000e+00 6.401137e+05
0.000000e+00 5.517863e+05
0.000000e+00 4.886528e+05
0.000000e+00 4.887463e+05
0.000000e+00 4.531363e+05
0.000000e+00 4.958722e+05
0.000000e+00 5.949229e+05
0.000000e+00 5.159308e+05
0.000000e+00 5.381062e+05
0.000000e+00 4.839066e+05
0.000000e+00 5.293359e+05
0.000000e+00 4.181586e+05
0.000000e+00 5.668734e+05
0.000000e+00 4.756209e+05
0.000000e+00 4.695017e+05
0.000000e+00 4.762042e+05
0.000000e+00 4.867370e+05
0.000000e+00 4.997870e+05
0.000000e+00 4.380928e+05
0.000000e+00 5.377467e+05
0.000000e+00 4.764817e+05
0.000000e+00 4.741928e+05
0.000000e+00 4.737738e+05
0.000000e+00 4.929475e+05
0.000000e+00 4.305995e+05
0.000000e+00 4.752943e+05
0.000000e+00 4.134885e+05
0.000000e+00 4.615540e+05
0.000000e+00 4.144890e+05
0.000000e+00 4.113246e+05
0.000000e+00 3.636949e+05
0.000000e+00 3.529340e+05
0.000000e+00 4.888120e+05
0.000000e+00 4.345067e+05
0.000000e+00 4.045569e+05
0.000000e+00 3.746014e+05
0.000000e+00 4.198627e+05
0.000000e+00 4.235946e+05
0.000000e+00 3.816232e+05
0.000000e+00 3.581400e+05
0.000000e+00 4.741207e+05
0.000000e+00 3.504808e+05
0.000000e+00 4.023970e+05
0.000000e+00 4.310399e+05
0.000000e+00 3.887862e+05
0.000000e+00 3.809304e+05
0.000000e+00 3.629780e+05
0.000000e+00 3.644308e+05
0.000000e+00 4.379718e+05
0.000000e+00 4.262198e+05
0.000000e+00 3.620308e+05
0.000000e+00 3.990934e+05
0.000000e+00 3.719698e+05
0.000000e+00 4.415885e+05
0.000000e+00 4.258841e+05
0.000000e+00 4.010038e+05
0.000000e+00 3.465926e+05
0.000000e+00 3.586306e+05
0.000000e+00 3.949750e+05
0.000000e+00 4.300347e+05
0.000000e+00 3.946941e+05
0.000000e+00 3.911738e+05
0.000000e+00 4.429844e+05
0.000000e+00 4.018977e+05
0.000000e+00 3.494903e+05
0.000000e+00 3.503820e+05
0.000000e+00 4.133367e+05
0.000000e+00 3.883302e+05
0.000000e+00 3.559504e+05
0.000000e+00 3.844751e+05
0.000000e+00 3.538796e+05
0.000000e+00 3.495306e+05
0.000000e+00 3.806615e+05
0.000000e+00 3.284045e+05
0.000000e+00 4.188443e+05
0.000000e+00 3.632991e+05
0.000000e+00 3.695705e+05
0.000000e+00 3.544457e+05
0.000000e+00 3.743718e+05
0.000000e+00 3.471398e+05
0.000000e+00 3.925398e+05
0.000000e+00 3.870438e+05
0.000000e+00 3.245114e+05
0.000000e+00 3.731911e+05
0.000000e+00 3.713366e+05
0.000000e+00 3.510124e+05
0.000000e+00 3.585091e+05
0.000000e+00 3.798223e+05
0.000000e+00 3.327388e+05
0.000000e+00 3.344605e+05
0.000000e+00 3.505404e+05
0.000000e+00 3.705864e+05
0.000000e+00 3.852388e+05
0.000000e+00 3.938472e+05
0.000000e+00 3.683946e+05
0.000000e+00 2.983206e+05
0.000000e+00 3.559027e+05
0.000000e+00 3.385337e+05
0.000000e+00 3.871097e+05
0.000000e+00 3.181403e+05
0.000000e+00 3.939143e+05
0.000000e+00 3.333791e+05
0.000000e+00 3.544243e+05
0.000000e+00 3.512927e+05
0.000000e+00 3.928344e+05
0.000000e+00 3.565879e+05
0.000000e+00 3.474894e+05
0.000000e+00 3.903417e+05
0.000000e+00 3.866135e+05
0.000000e+00 3.848268e+05
0.000000e+00 3.238293e+05
0.000000e+00 3.337559e+05
0.000000e+00 3.529498e+05
0.000000e+00 3.422575e+05
0.000000e+00 3.678035e+05
0.000000e+00 3.548841e+05
0.000000e+00 3.863359e+05
0.000000e+00 3.184930e+05
0.000000e+00 3.233230e+05
0.000000e+00 2.955045e+05
0.000000e+00 3.799654e+05
0.000000e+00 4.106523e+05
0.000000e+00 3.699758e+05
0.000000e+00 3.792353e+05
0.000000e+00 3.585856e+05
0.000000e+00 3.272008e+05
0.000000e+00 3.539140e+05
0.000000e+00 3.638549e+05
0.000000e+00 3.183222e+05
0.000000e+00 3.376803e+05
0.000000e+00 3.819660e+05
0.000000e+00 3.243409e+05
0.000000e+00 3.801865e+05
0.000000e+00 3.148175e+05
0.000000e+00 3.841199e+05
0.000000e+00 3.542266e+05
0.000000e+00 2.845795e+05
0.000000e+00 3.757754e+05
0.000000e+00 3.736109e+05
0.000000e+00 3.814232e+05
0.000000e+00 3.972869e+05
0.000000e+00 3.609617e+05
0.000000e+00 3.478080e+05
0.000000e+00 3.684344e+05
0.000000e+00 4.078470e+05
0.000000e+00 3.592360e+05
0.000000e+00 3.477796e+05
0.000000e+00 3.906777e+05
0.000000e+00 3.493169e+05
0.000000e+00 3.916063e+05
0.000000e+00 3.452104e+05
0.000000e+00 3.332202e+05
0.000000e+00 3.640508e+05
0.000000e+00 3.700504e+05
0.000000e+00 3.284984e+05
0.000000e+00 3.595856e+05
0.000000e+00 3.533966e+05
0.000000e+00 3.324379e+05
0.000000e+00 3.757683e+05
0.000000e+00 3.931090e+05
0.000000e+00 3.624203e+05
0.000000e+00 3.238640e+05
0.000000e+00 3.953294e+05
0.000000e+00 3.241920e+05
0.000000e+00 3.318809e+05
0.000000e+00 3.453783e+05
0.000000e+00 3.999486e+05
0.000000e+00 3.619755e+05
0.000000e+00 3.284076e+05
0.000000e+00 3.122563e+05
0.000000e+00 3.839903e+05
0.000000e+00 3.952922e+05
0.000000e+00 3.948657e+05
0.000000e+00 3.543899e+05
0.000000e+00 3.540457e+05
0.000000e+00 3.862356e+05
0.000000e+00 3.271831e+05
0.000000e+00 3.747747e+05
0.000000e+00 3.306831e+05
0.000000e+00 3.697801e+05
0.000000e+00 3.411959e+05
0.000000e+00 3.542831e+05
0.000000e+00 3.894937e+05
0.000000e+00 3.772053e+05
0.000000e+00 3.963707e+05
0.000000e+00 3.418142e+05
0.000000e+00 3.319421e+05
0.000000e+00 3.631096e+05
0.000000e+00 3.190904e+05
0.000000e+00 3.618994e+05
0.000000e+00 3.594830e+05
0.000000e+00 3.566871e+05
0.000000e+00 3.658419e+05
0.000000e+00 3.615323e+05
0.000000e+00 3.377777e+05
0.000000e+00 4.085855e+05
0.000000e+00 3.571789e+05
0.000000e+00 3.641849e+05
0.000000e+00 3.321680e+05
0.000000e+00 3.649211e+05
0.000000e+00 3.581819e+05
0.000000e+00 3.474943e+05
0.000000e+00 3.587313e+05
0.000000e+00 3.791792e+05
0.000000e+00 3.581587e+05
0.000000e+00 3.719087e+05
0.000000e+00 3.332340e+05
0.000000e+00 3.491298e+05
0.000000e+00 3.855698e+05
0.000000e+00 3.213455e+05
0.000000e+00 3.772396e+05
0.000000e+00 4.004711e+05
0.000000e+00 3.394896e+05
0.000000e+00 4.007980e+05
0.000000e+00 3.445114e+05
0.000000e+00 3.207232e+05
0.000000e+00 3.537209e+05
0.000000e+00 3.050758e+05
0.000000e+00 3.284798e+05
0.000000e+00 2.919792e+05
0.000000e+00 3.900554e+05
0.000000e+00 3.398629e+05
0.000000e+00 3.259139e+05
0.000000e+00 3.517938e+05
0.000000e+00 3.660013e+05
0.000000e+00 3.370578e+05
0.000000e+00 3.882907e+05
0.000000e+00 3.349138e+05
0.000000e+00 3.744704e+05
0.000000e+00 3.595253e+05
0.000000e+00 3.723423e+05
0.000000e+00 3.291573e+05
0.000000e+00 3.501028e+05
0.000000e+00 3.891145e+05
0.000000e+00 3.944301e+05
0.000000e+00 3.450659e+05
0.000000e+00 3.461551e+05
0.000000e+00 3.396066e+05
0.000000e+00 3.615389e+05
0.000000e+00 3.654734e+05
0.000000e+00 3.601346e+05
0.000000e+00 3.426657e+05
0.000000e+00 3.283820e+05
0.000000e+00 3.622399e+05
0.000000e+00 3.465825e+05
0.000000e+00 3.874769e+05
0.000000e+00 3.730260e+05
0.000000e+00 3.678366e+05
0.000000e+00 3.278506e+05
0.000000e+00 3.507828e+05
0.000000e+00 3.433081e+05
0.000000e+00 3.178187e+05
0.000000e+00 3.555142e+05
0.000000e+00 3.370282e+05
0.000000e+00 3.561799e+05
0.000000e+00 3.599698e+05
0.000000e+00 3.819228e+05
0.000000e+00 3.671733e+05
0.000000e+00 3.570355e+05
0.000000e+00 3.703402e+05
0.000000e+00 3.138662e+05
0.000000e+00 3.236022e+05
0.000000e+00 3.971904e+05
0.000000e+00 3.704477e+05
0.000000e+00 3.010957e+05
0.000000e+00 3.261581e+05
0.000000e+00 3.753172e+05
0.000000e+00 3.702656e+05
0.000000e+00 3.310139e+05
0.000000e+00 3.546415e+05
0.000000e+00 3.669660e+05
0.000000e+00 3.478978e+05
0.000000e+00 2.868566e+05
0.000000e+00 4.054162e+05
0.000000e+00 3.589547e+05
0.000000e+00 3.144677e+05
0.000000e+00 3.600083e+05
0.000000e+00 3.854705e+05
0.000000e+00 3.748704e+05
0.000000e+00 3.865330e+05
0.000000e+00 3.434005e+05
0.000000e+00 3.526545e+05
0.000000e+00 3.519245e+05
0.000000e+00 3.684887e+05
0.000000e+00 3.665758e+05
0.000000e+00 3.368802e+05
0.000000e+00 3.427854e+05
0.000000e+00 3.329823e+05
0.000000e+00 3.230950e+05
0.000000e+00 3.645098e+05
0.000000e+00 3.763107e+05
0.000000e+00 3.456593e+05
0.000000e+00 3.819954e+05
0.000000e+00 3.071805e+05
0.000000e+00 3.975533e+05
0.000000e+00 3.064346e+05
0.000000e+00 3.061315e+05
0.000000e+00 3.193237e+05
0.000000e+00 3.934075e+05
0.000000e+00 3.456609e+05
0.000000e+00 3.445623e+05
0.000000e+00 3.702313e+05
0.000000e+00 3.851670e+05
0.000000e+00 3.089233e+05
0.000000e+00 3.735314e+05
0.000000e+00 3.271403e+05
0.000000e+00 3.671221e+05
0.000000e+00 3.577541e+05
0.000000e+00 3.389979e+05
0.000000e+00 3.088365e+05
0.000000e+00 3.367951e+05
0.000000e+00 3.661572e+05
0.000000e+00 3.811872e+05
0.000000e+00 3.142785e+05
0.000000e+00 3.163545e+05
0.000000e+00 3.595680e+05
0.000000e+00 4.079574e+05
0.000000e+00 3.623159e+05
0.000000e+00 3.549609e+05
0.000000e+00 3.914865e+05
0.000000e+00 3.601977e+05
0.000000e+00 3.546398e+05
0.000000e+00 3.559220e+05
0.000000e+00 3.696325e+05
0.000000e+00 4.113346e+05
0.000000e+00 2.984343e+05
0.000000e+00 3.688378e+05
0.000000e+00 3.993626e+05
0.000000e+00 3.236858e+05
0.000000e+00 3.862692e+05
0.000000e+00 3.358985e+05
0.000000e+00 3.454918e+05
0.000000e+00 3.633341e+05
0.000000e+00 3.686541e+05
0.000000e+00 3.929399e+05
0.000000e+00 3.613534e+05
0.000000e+00 3.507708e+05
0.000000e+00 2.945178e+05
0.000000e+00 3.471424e+05
0.000000e+00 3.458084e+05
0.000000e+00 3.439818e+05
0.000000e+00 3.149983e+05
0.000000e+00 2.926404e+05
0.000000e+00 3.852338e+05
0.000000e+00 3.774617e+05
0.000000e+00 3.498150e+05
0.000000e+00 3.638290e+05
0.000000e+00 3.784371e+05
0.000000e+00 3.474803e+05
0.000000e+00 3.582205e+05
0.000000e+00 3.318067e+05
0.000000e+00 3.299631e+05
0.000000e+00 3.684978e+05
0.000000e+00 3.461862e+05
0.000000e+00 3.828998e+05
0.000000e+00 3.259852e+05
0.000000e+00 3.579607e+05
0.000000e+00 3.615069e+05
0.000000e+00 3.961389e+05
0.000000e+00 3.748911e+05
0.000000e+00 3.399973e+05
0.000000e+00 3.344662e+05
0.000000e+00 3.695062e+05
0.000000e+00 3.310368e+05
0.000000e+00 3.060408e+05
0.000000e+00 3.499867e+05
0.000000e+00 3.946097e+05
0.000000e+00 3.412789e+05
0.000000e+00 3.452787e+05
0.000000e+00 3.473430e+05
0.000000e+00 3.600145e+05
0.000000e+00 3.615115e+05
0.000000e+00 3.745922e+05
0.000000e+00 3.712112e+05
0.000000e+00 3.066818e+05
0.000000e+00 3.621624e+05
0.000000e+00 3.507813e+05
0.000000e+00 3.311588e+05
0.000000e+00 3.117139e+05
0.000000e+00 3.266367e+05
0.000000e+00 3.332304e+05
0.000000e+00 3.286588e+05
0.000000e+00 3.114337e+05
0.000000e+00 3.369906e+05
0.000000e+00 3.481008e+05
0.000000e+00 3.539655e+05
0.000000e+00 3.434146e+05
0.000000e+00 3.649352e+05
0.000000e+00 3.521753e+05
0.000000e+00 3.599855e+05
0.000000e+00 3.578619e+05
0.000000e+00 3.640668e+05
0.000000e+00 3.279953e+05
0.000000e+00 3.186851e+05
0.000000e+00 3.199560e+05
0.000000e+00 3.202382e+05
0.000000e+00 3.063717e+05
0.000000e+00 3.512991e+05
0.000000e+00 3.443754e+05
0.000000e+00 3.442172e+05
0.000000e+00 3.651146e+05
0.000000e+00 3.254457e+05
0.000000e+00 3.442773e+05
0.000000e+00 3.853627e+05
0.000000e+00 3.532943e+05
0.000000e+00 3.537885e+05
0.000000e+00 3.704461e+05
0.000000e+00 3.821597e+05
0.000000e+00 3.290845e+05
0.000000e+00 3.709857e+05
0.000000e+00 3.578012e+05
0.000000e+00 3.867546e+05
0.000000e+00 3.740915e+05
0.000000e+00 3.618909e+05
0.000000e+00 3.362916e+05
0.000000e+00 2.830339e+05
0.000000e+00 3.522821e+05
0.000000e+00 3.278034e+05
0.000000e+00 3.940880e+05
0.000000e+00 3.137967e+05
0.000000e+00 2.958890e+05
0.000000e+00 3.445102e+05
0.000000e+00 3.410564e+05
0.000000e+00 3.814594e+05
0.000000e+00 3.649563e+05
0.000000e+00 3.161479e+05
0.000000e+00 3.769794e+05
0.000000e+00 3.453222e+05
0.000000e+00 3.784639e+05
0.000000e+00 3.267114e+05
0.000000e+00 3.669085e+05
0.000000e+00 3.583059e+05
0.000000e+00 3.502268e+05
0.000000e+00 3.432770e+05
0.000000e+00 3.592021e+05
0.000000e+00 3.431337e+05
0.000000e+00 3.315597e+05
0.000000e+00 3.540145e+05
0.000000e+00 3.413791e+05
0.000000e+00 3.793195e+05
0.000000e+00 3.689716e+05
0.000000e+00 4.112817e+05
0.000000e+00 3.669553e+05
0.000000e+00 3.606004e+05
0.000000e+00 3.436239e+05
0.000000e+00 3.225456e+05
0.000000e+00 3.357902e+05
0.000000e+00 3.708132e+05
0.000000e+00 3.389351e+05
0.000000e+00 3.578625e+05
0.000000e+00 3.612148e+05
0.000000e+00 3.489062e+05
0.000000e+00 3.535265e+05
0.000000e+00 3.553112e+05
0.000000e+00 3.848888e+05
0.000000e+00 4.168658e+05
0.000000e+00 3.860537e+05
0.000000e+00 3.168010e+05
0.000000e+00 3.575183e+05
0.000000e+00 3.406179e+05
0.000000e+00 3.578237e+05
0.000000e+00 3.549061e+05
0.000000e+00 3.753706e+05
0.000000e+00 3.986213e+05
0.000000e+00 3.688903e+05
0.000000e+00 3.491189e+05
0.000000e+00 3.341748e+05
0.000000e+00 3.542650e+05
0.000000e+00 3.283990e+05
0.000000e+00 3.504350e+05
0.000000e+00 3.846155e+05
0.000000e+00 3.396951e+05
0.000000e+00 3.724790e+05
0.000000e+00 3.639840e+05
0.000000e+00 3.849185e+05
0.000000e+00 3.477376e+05
0.000000e+00 3.461586e+05
0.000000e+00 3.694123e+05
0.000000e+00 3.745470e+05
0.000000e+00 3.495360e+05
0.000000e+00 3.469560e+05
0.000000e+00 3.705468e+05
0.000000e+00 3.510028e+05
0.000000e+00 3.476360e+05
0.000000e+00 3.034331e+05
0.000000e+00 3.688871e+05
0.000000e+00 3.443172e+05
0.000000e+00 3.173481e+05
0.000000e+00 3.742290e+05
0.000000e+00 3.282190e+05
0.000000e+00 3.505274e+05
0.000000e+00 3.548363e+05
0.000000e+00 3.796893e+05
0.000000e+00 3.519884e+05
0.000000e+00 3.512223e+05
0.000000e+00 3.223250e+05
0.000000e+00 3.701338e+05
0.000000e+00 3.655159e+05
0.000000e+00 4.023957e+05
0.000000e+00 3.357147e+05
0.000000e+00 3.528427e+05
0.000000e+00 3.955551e+05
0.000000e+00 3.290828e+05
0.000000e+00 3.763883e+05
0.000000e+00 3.619551e+05
0.000000e+00 3.646944e+05
0.000000e+00 3.370573e+05
0.000000e+00 3.596368e+05
0.000000e+00 3.529710e+05
0.000000e+00 3.393270e+05
0.000000e+00 3.569330e+05
0.000000e+00 3.251048e+05
0.000000e+00 3.361687e+05
0.000000e+00 3.719897e+05
0.000000e+00 3.503993e+05
0.000000e+00 3.404228e+05
0.000000e+00 3.796142e+05
0.000000e+00 3.634546e+05
0.000000e+00 3.288994e+05
0.000000e+00 3.584315e+05
0.000000e+00 3.532939e+05
0.000000e+00 3.129196e+05
0.000000e+00 3.555346e+05
0.000000e+00 3.236625e+05
0.000000e+00 3.270309e+05
0.000000e+00 3.480361e+05
0.000000e+00 3.763607e+05
0.000000e+00 3.497542e+05
0.000000e+00 3.319908e+05
0.000000e+00 3.370284e+05
0.000000e+00 3.507426e+05
0.000000e+00 4.199448e+05
0.000000e+00 3.637184e+05
0.000000e+00 3.631458e+05
0.000000e+00 3.600474e+05
0.000000e+00 3.783183e+05
0.000000e+00 3.225290e+05
0.000000e+00 3.822072e+05
0.000000e+00 3.252794e+05
0.000000e+00 3.497864e+05
0.000000e+00 3.482083e+05
0.000000e+00 3.147991e+05
0.000000e+00 3.517169e+05
0.000000e+00 3.706784e+05
0.000000e+00 3.665895e+05
0.000000e+00 3.923826e+05
0.000000e+00 3.748074e+05
0.000000e+00 3.434496e+05
0.000000e+00 3.691478e+05
0.000000e+00 3.992163e+05
0.000000e+00 3.293728e+05
0.000000e+00 3.686751e+05
0.000000e+00 3.815545e+05
0.000000e+00 3.803122e+05
0.000000e+00 3.441422e+05
0.000000e+00 3.137944e+05
0.000000e+00 3.668080e+05
0.000000e+00 3.410759e+05
0.000000e+00 3.667292e+05
0.000000e+00 3.897056e+05
0.000000e+00 3.352227e+05
0.000000e+00 3.550377e+05
0.000000e+00 3.699396e+05
0.000000e+00 3.265539e+05
0.000000e+00 3.824707e+05
0.000000e+00 3.730786e+05
0.000000e+00 3.272543e+05
0.000000e+00 3.711151e+05
0.000000e+00 3.150813e+05
0.000000e+00 3.363597e+05
0.000000e+00 3.297271e+05
0.000000e+00 3.004228e+05
0.000000e+00 3.351626e+05
0.000000e+00 3.321357e+05
0.000000e+00 3.076750e+05
0.000000e+00 3.960264e+05
0.000000e+00 3.497818e+05
0.000000e+00 3.317906e+05
0.000000e+00 3.782445e+05
0.000000e+00 3.297728e+05
0.000000e+00 3.334992e+05
0.000000e+00 3.614942e+05
0.000000e+00 2.909194e+05
0.000000e+00 3.337005e+05
0.000000e+00 3.771457e+05
0.000000e+00 3.225101e+05
0.000000e+00 3.000614e+05
0.000000e+00 3.527512e+05
0.000000e+00 3.490634e+05
0.000000e+00 3.641529e+05
0.000000e+00 3.846796e+05
0.000000e+00 3.297684e+05
0.000000e+00 2.977187e+05
0.000000e+00 3.606038e+05
0.000000e+00 3.535220e+05
0.000000e+00 3.816348e+05
0.000000e+00 3.267830e+05
0.000000e+00 3.180701e+05
0.000000e+00 3.734084e+05
0.000000e+00 3.580174e+05
0.000000e+00 3.337175e+05
0.000000e+00 3.370223e+05
0.000000e+00 3.514597e+05
0.000000e+00 3.184031e+05
0.000000e+00 4.039886e+05
0.000000e+00 3.513651e+05
0.000000e+00 3.164255e+05
0.000000e+00 3.284147e+05
0.000000e+00 3.354227e+05
0.000000e+00 3.410233e+05
0.000000e+00 3.121199e+05
0.000000e+00 3.592846e+05
0.000000e+00 3.407243e+05
0.000000e+00 3.569088e+05
0.000000e+00 3.251656e+05
0.000000e+00 3.279543e+05
0.000000e+00 3.411037e+05
0.000000e+00 3.716862e+05
0.000000e+00 3.933773e+05
0.000000e+00 3.473310e+05
0.000000e+00 3.331694e+05
0.000000e+00 3.500777e+05
0.000000e+00 3.380578e+05
0.000000e+00 3.153229e+05
0.000000e+00 3.869097e+05
0.000000e+00 3.613692e+05
0.000000e+00 3.678003e+05
0.000000e+00 3.553599e+05
0.000000e+00 3.484066e+05
0.000000e+00 2.857339e+05
0.000000e+00 3.117045e+05
0.000000e+00 3.579422e+05
0.000000e+00 3.543531e+05
0.000000e+00 3.197172e+05
0.000000e+00 3.578860e+05
0.000000e+00 3.367358e+05
0.000000e+00 3.485830e+05
0.000000e+00 3.657265e+05
0.000000e+00 3.479047e+05
0.000000e+00 4.023872e+05
0.000000e+00 3.215783e+05
0.000000e+00 3.381983e+05
0.000000e+00 3.188052e+05
0.000000e+00 3.592859e+05
0.000000e+00 3.522435e+05
0.000000e+00 3.299955e+05
0.000000e+00 3.580849e+05
0.000000e+00 3.442112e+05
0.000000e+00 3.621786e+05
0.000000e+00 3.615979e+05
0.000000e+00 3.591947e+05
0.000000e+00 3.561883e+05
0.000000e+00 3.151153e+05
0.000000e+00 4.021748e+05
0.000000e+00 3.920506e+05
0.000000e+00 3.382976e+05
0.000000e+00 3.301902e+05
0.000000e+00 3.503759e+05
0.000000e+00 3.407055e+05
0.000000e+00 3.297869e+05
0.000000e+00 2.931250e+05
0.000000e+00 3.283846e+05
0.000000e+00 3.488194e+05
0.000000e+00 3.614265e+05
0.000000e+00 3.935744e+05
0.000000e+00 3.500140e+05
0.000000e+00 3.630284e+05
0.000000e+00 3.792930e+05
0.000000e+00 2.920588e+05
0.000000e+00 3.432912e+05
0.000000e+00 3.561871e+05
0.000000e+00 3.150239e+05
0.000000e+00 3.602380e+05
0.000000e+00 3.783403e+05
0.000000e+00 3.387360e+05
0.000000e+00 3.979036e+05
0.000000e+00 3.536793e+05
0.000000e+00 3.452795e+05
0.000000e+00 3.616780e+05
0.000000e+00 3.468255e+05
0.000000e+00 3.202769e+05
0.000000e+00 3.579213e+05
0.000000e+00 3.750896e+05
0.000000e+00 3.562635e+05
0.000000e+00 3.391242e+05
0.000000e+00 3.501941e+05
0.000000e+00 3.302944e+05
0.000000e+00 3.059536e+05
0.000000e+00 3.663852e+05
0.000000e+00 3.487747e+05
0.000000e+00 4.053796e+05
0.000000e+00 3.470790e+05
0.000000e+00 3.707606e+05
0.000000e+00 3.277254e+05
0.000000e+00 3.705993e+05
0.000000e+00 3.228428e+05
0.000000e+00 3.793622e+05
0.000000e+00 3.590279e+05
0.000000e+00 3.428576e+05
0.000000e+00 3.325469e+05
0.000000e+00 3.488629e+05
0.000000e+00 3.441864e+05
0.000000e+00 3.603696e+05
0.000000e+00 3.216141e+05
0.000000e+00 3.451817e+05
0.000000e+00 3.540848e+05
0.000000e+00 3.414947e+05
0.000000e+00 3.472301e+05
0.000000e+00 3.081754e+05
0.000000e+00 3.617400e+05
0.000000e+00 3.836498e+05
0.000000e+00 3.396540e+05
0.000000e+00 3.770046e+05
0.000000e+00 3.588309e+05
0.000000e+00 3.485096e+05
0.000000e+00 3.348627e+05
0.000000e+00 3.617328e+05
0.000000e+00 3.944352e+05
0.000000e+00 3.588890e+05
0.000000e+00 3.592453e+05
0.000000e+00 3.657627e+05
0.000000e+00 3.449421e+05
0.000000e+00 4.104181e+05
0.000000e+00 3.902287e+05
0.000000e+00 4.077166e+05
0.000000e+00 3.178026e+05
0.000000e+00 3.290016e+05
0.000000e+00 4.016745e+05
0.000000e+00 3.346477e+05
0.000000e+00 3.319124e+05
0.000000e+00 3.318481e+05
0.000000e+00 3.348172e+05
0.000000e+00 3.939302e+05
0.000000e+00 3.661065e+05
0.000000e+00 3.804867e+05
0.000000e+00 4.058323e+05
0.000000e+00 3.433218e+05
0.000000e+00 3.702207e+05
0.000000e+00 3.688539e+05
0.000000e+00 3.270180e+05
0.000000e+00 3.033175e+05
0.000000e+00 3.598566e+05
0.000000e+00 3.528363e+05
0.000000e+00 3.623324e+05
0.000000e+00 3.473898e+05
0.000000e+00 3.856271e+05
0.000000e+00 3.389389e+05
0.000000e+00 3.534644e+05
0.000000e+00 3.487975e+05
0.000000e+00 3.341345e+05
0.000000e+00 3.700709e+05
0.000000e+00 3.572922e+05
0.000000e+00 3.335683e+05
0.000000e+00 3.784827e+05
0.000000e+00 3.766591e+05
0.000000e+00 3.482267e+05
0.000000e+00 3.664946e+05
0.000000e+00 3.341963e+05
0.000000e+00 3.702153e+05
0.000000e+00 3.437467e+05
0.000000e+00 3.241882e+05
0.000000e+00 3.853778e+05
0.000000e+00 3.588659e+05
0.000000e+00 3.433850e+05
0.000000e+00 3.318531e+05
0.000000e+00 3.442727e+05
0.000000e+00 3.362640e+05
0.000000e+00 3.173739e+05
0.000000e+00 4.220307e+05
0.000000e+00 3.472276e+05
0.000000e+00 3.472569e+05
0.000000e+00 3.898374e+05
